0 0.323379 0.445465 0.038914 0.046403
0 0.385664 0.483715 0.037578 0.038375
0 0.378742 0.512861 0.044500 0.061528
0 0.461469 0.521694 0.050031 0.067528
0 0.328617 0.539361 0.043078 0.063167
0 0.623625 0.679708 0.078016 0.101861
0 0.291402 0.504479 0.037820 0.048403
0 0.262273 0.901354 0.121719 0.197292
0 0.543305 0.583833 0.057391 0.082222
0 0.661309 0.468528 0.047633 0.035417
0 0.990824 0.642319 0.018023 0.057972
0 0.438078 0.582187 0.048578 0.062819
0 0.552844 0.472118 0.052297 0.055625
0 0.778332 0.642958 0.087617 0.117111
0 0.842543 0.615944 0.072773 0.069472
0 0.616543 0.497646 0.051570 0.059653
0 0.285625 0.625569 0.053938 0.103528
0 0.736105 0.518403 0.052773 0.050639
0 0.700043 0.537701 0.057023 0.058625
0 0.476270 0.632667 0.059898 0.081889
0 0.515754 0.433028 0.043695 0.039111
0 0.464793 0.452736 0.035258 0.035361
0 0.236832 0.440590 0.033961 0.028431
0 0.269074 0.436653 0.032977 0.025806
0 0.274363 0.462903 0.035680 0.033694
0 0.231047 0.467062 0.033719 0.037625
