0 0.364633 0.437076 0.036031 0.036958
0 0.377246 0.427222 0.031320 0.028083
0 0.626020 0.499549 0.052102 0.053181
0 0.491508 0.462472 0.038531 0.040222
0 0.440617 0.581764 0.052109 0.067083
0 0.447813 0.457743 0.046500 0.048264
0 0.499820 0.556868 0.065250 0.073042
0 0.839027 0.618604 0.091758 0.080875
0 0.595125 0.528715 0.048922 0.060597
0 0.722699 0.548438 0.064523 0.070153
0 0.341887 0.545465 0.042055 0.062875
0 0.513629 0.439694 0.053914 0.046944
0 0.289297 0.596431 0.081719 0.168528
0 0.532348 0.678813 0.070008 0.113486
0 0.351895 0.471389 0.045742 0.070278
0 0.834410 0.551090 0.083117 0.072597
0 0.254172 0.456542 0.031328 0.040417
0 0.244469 0.431653 0.039078 0.030056
0 0.325270 0.417854 0.031602 0.031042
0 0.284523 0.404056 0.029938 0.026111
0 0.430867 0.424500 0.033297 0.033500
0 0.249824 0.519486 0.047070 0.081583
