0 0.396633 0.449701 0.035906 0.035708
0 0.758687 0.402278 0.035375 0.045250
0 0.556398 0.467014 0.053922 0.055139
0 0.377465 0.618458 0.055383 0.094639
0 0.478793 0.609299 0.065695 0.096181
0 0.238867 0.533000 0.036813 0.047611
0 0.272480 0.485403 0.038320 0.045444
0 0.305504 0.468361 0.041680 0.038417
0 0.425219 0.434556 0.042625 0.038944
0 0.635223 0.557438 0.058961 0.051931
0 0.965617 0.707667 0.064375 0.065278
0 0.326355 0.416861 0.034852 0.035861
0 0.462691 0.949444 0.114289 0.095083
0 0.497332 0.481389 0.042758 0.038750
0 0.686523 0.742688 0.090188 0.116347
0 0.271941 0.832722 0.080508 0.161889
0 0.275813 0.707993 0.062688 0.101264
0 0.608117 0.889674 0.110719 0.182292
0 0.768801 0.568944 0.067367 0.067306
0 0.814422 0.519597 0.059906 0.057917
0 0.772852 0.652861 0.078312 0.090583
