0 0.962680 0.606535 0.074641 0.074986
0 0.651773 0.441743 0.124109 0.086819
0 0.373004 0.510556 0.043883 0.048472
0 0.321551 0.478639 0.040430 0.038444
0 0.275223 0.490563 0.039898 0.044403
0 0.507141 0.426778 0.102844 0.091944
0 0.385871 0.430062 0.032055 0.033153
0 0.344176 0.431875 0.026961 0.025306
0 0.625520 0.871736 0.116461 0.171639
0 0.470215 0.972451 0.105602 0.055097
0 0.253664 0.947396 0.112344 0.105208
0 0.423527 0.563243 0.050758 0.073792
0 0.258871 0.546056 0.041852 0.098833
0 0.709703 0.551840 0.060687 0.062014
0 0.821996 0.559021 0.068773 0.055764
0 0.301055 0.650069 0.051656 0.093056
0 0.778430 0.655236 0.084578 0.071583
0 0.800590 0.506889 0.063258 0.047667
0 0.682031 0.497563 0.052500 0.052875
0 0.565293 0.478840 0.051898 0.052153
0 0.331270 0.538875 0.040586 0.058583
0 0.571344 0.525736 0.047469 0.041861
