0 0.697781 0.591556 0.142875 0.134139
0 0.779273 0.545604 0.044672 0.039958
0 0.620637 0.550562 0.052273 0.055542
0 0.866848 0.720812 0.096039 0.097514
0 0.505891 0.442750 0.118250 0.134167
0 0.428453 0.502646 0.043875 0.049958
0 0.368605 0.511882 0.046570 0.058847
0 0.288168 0.501903 0.040086 0.041806
0 0.205895 0.485813 0.035867 0.060236
0 0.241891 0.467819 0.039094 0.052694
0 0.745027 0.559569 0.055695 0.054778
0 0.396125 0.691528 0.059344 0.093444
0 0.438945 0.439937 0.036516 0.034681
0 0.659371 0.514181 0.059820 0.047861
0 0.502387 0.554028 0.049195 0.056472
0 0.267316 0.539250 0.040164 0.069194
0 0.560852 0.510090 0.048672 0.048569
0 0.348168 0.434097 0.035820 0.032778
