0 0.282715 0.652715 0.056102 0.099875
0 0.835090 0.689382 0.090305 0.084542
0 0.559059 0.775174 0.082117 0.124764
0 0.765852 0.602361 0.068687 0.075500
0 0.825617 0.553174 0.072453 0.071042
0 0.314891 0.477778 0.040094 0.037583
0 0.383047 0.484903 0.042766 0.043278
0 0.630203 0.473847 0.049750 0.058361
0 0.613492 0.502500 0.049984 0.043111
0 0.262480 0.547194 0.040977 0.063361
0 0.460398 0.471681 0.040641 0.033861
0 0.323359 0.525368 0.047531 0.071847
0 0.485961 0.459785 0.033984 0.029319
0 0.396699 0.429840 0.020930 0.020986
0 0.352063 0.438153 0.024984 0.019639
0 0.245195 0.468882 0.037844 0.045958
0 0.502848 0.649896 0.069930 0.107847
0 0.555629 0.460847 0.035242 0.038972
