0 0.431164 0.936188 0.139594 0.127625
0 0.785410 0.561993 0.099039 0.095264
0 0.276934 0.604681 0.046836 0.076667
0 0.456922 0.587201 0.055906 0.070347
0 0.591023 0.523118 0.037328 0.045514
0 0.386320 0.626479 0.060344 0.094069
0 0.482926 0.471910 0.041492 0.029542
0 0.575605 0.480167 0.052039 0.051056
0 0.613719 0.476444 0.036594 0.034639
0 0.306184 0.413299 0.020102 0.019597
0 0.482750 0.459958 0.040453 0.051111
0 0.528711 0.726479 0.068359 0.103097
0 0.718422 0.604090 0.064609 0.080347
0 0.850078 0.562396 0.061766 0.079153
0 0.776484 0.420243 0.048766 0.043403
0 0.345629 0.490611 0.045383 0.058500
0 0.453180 0.519556 0.045031 0.057278
0 0.264570 0.482604 0.041219 0.052347
0 0.258684 0.551889 0.041914 0.059111
0 0.372730 0.442375 0.035742 0.031944
0 0.407383 0.434681 0.032734 0.029639
0 0.814891 0.927194 0.147672 0.145611
