0 0.850840 0.694007 0.089523 0.083181
0 0.313867 0.415049 0.029781 0.041597
0 0.246949 0.907264 0.098727 0.153556
0 0.877773 0.645674 0.082687 0.071264
0 0.576258 0.483083 0.050875 0.052889
0 0.774734 0.870417 0.118641 0.148306
0 0.456187 0.604014 0.051344 0.077194
0 0.715336 0.513646 0.055375 0.059792
0 0.700340 0.598917 0.066695 0.071306
0 0.267227 0.587076 0.047422 0.076542
0 0.521508 0.653722 0.071312 0.110250
0 0.340656 0.542938 0.051359 0.061986
0 0.284801 0.690958 0.060633 0.132806
0 0.409402 0.675194 0.059086 0.113833
0 0.362660 0.433403 0.033430 0.036250
0 0.421348 0.545069 0.056977 0.079694
0 0.495750 0.550597 0.052609 0.057556
0 0.236496 0.521188 0.036867 0.054986
0 0.264777 0.483708 0.036648 0.040306
0 0.228871 0.451674 0.038555 0.041847
0 0.444145 0.463486 0.037758 0.036194
0 0.487047 0.436812 0.034750 0.042069
0 0.595918 0.464424 0.034883 0.035958
0 0.672809 0.961611 0.119977 0.076778
