0 0.340457 0.421069 0.031586 0.039028
0 0.273965 0.839493 0.085648 0.135764
0 0.507133 0.464465 0.040359 0.037986
0 0.423809 0.421687 0.037070 0.034153
0 0.382117 0.624201 0.050766 0.077236
0 0.239656 0.521167 0.040266 0.063167
0 0.307414 0.529340 0.047016 0.072653
0 0.983949 0.643181 0.031648 0.101417
0 0.294469 0.466257 0.041109 0.042125
0 0.567523 0.447000 0.039734 0.037222
0 0.860961 0.705618 0.107078 0.097653
0 0.632113 0.561507 0.052664 0.050625
0 0.345227 0.492340 0.040891 0.040958
0 0.830715 0.612056 0.071617 0.062139
0 0.563070 0.488750 0.045172 0.046444
0 0.599516 0.642326 0.072563 0.088431
0 0.663164 0.521965 0.053672 0.044931
0 0.433172 0.899465 0.106562 0.201069
0 0.853082 0.942514 0.107055 0.108250
